### kg_read x20 2026-09-19T17:11:34-0700
200 0.003290 122
200 0.003939 122
200 0.010696 122
200 0.002861 122
200 0.002702 122
200 0.014717 122
200 0.002765 122
200 0.003108 122
200 0.003272 122
200 0.003748 122
200 0.003092 122
200 0.004648 122
200 0.007919 122
200 0.003290 122
200 0.002475 122
200 0.003496 122
200 0.004520 122
200 0.013077 122
200 0.027765 122
200 0.004118 122
--- counts ---
{"status":"ok","graph_stats":{"node_count":0,"edge_count":0,"episode_count":0},"last_episode_timestamp":null,"error":null}
rc=0
